462001
462002
462003
462004
462005
462006
462007
462008
462009
462010
462011
462012
462013
462014
462015
462016
462017
462018
462019
462020
462021
462022
462023
462024
462025
462026
462027
462028
462029
462030
462031
462032
462033
462034
462035
462036
462037
462038
462039
462040
462041
462042
462043
462044
462045
462046
462047
462048
462049
462050
462051
462052
462053
462054
462055
462056
462057
462058
462059
462060
462061
462062
462063
462064
462065
462066
462067
462068
462069
462070
462071
462072
462073
462074
462075
462076
462077
462078
462079
462080
462081
462082
462083
462084
462085
462086
462087
462088
462089
462090
462091
462092
462093
462094
462095
462096
462097
462098
462099
462100
462101
462102
462103
462104
462105
462106
462107
462108
462109
462110
462111
462112
462113
462114
462115
462116
462117
462118
462119
462120
462121
462122
462123
462124
462125
462126
462127
462128
462129
462130
462131
462132
462133
462134
462135
462136
462137
462138
462139
462140
462141
462142
462143
462144
462145
462146
462147
462148
462149
462150
462151
462152
462153
462154
462155
462156
462157
462158
462159
462160
462161
462162
462163
462164
462165
462166
462167
462168
462169
462170
462171
462172
462173
462174
462175
462176
462177
462178
462179
462180
462181
462182
462183
462184
462185
462186
462187
462188
462189
462190
462191
462192
462193
462194
462195
462196
462197
462198
462199
462200
462201
462202
462203
462204
462205
462206
462207
462208
462209
462210
462211
462212
462213
462214
462215
462216
462217
462218
462219
462220
462221
462222
462223
462224
462225
462226
462227
462228
462229
462230
462231
462232
462233
462234
462235
462236
462237
462238
462239
462240
462241
462242
462243
462244
462245
462246
462247
462248
462249
462250
462251
462252
462253
462254
462255
462256
462257
462258
462259
462260
462261
462262
462263
462264
462265
462266
462267
462268
462269
462270
462271
462272
462273
462274
462275
462276
462277
462278
462279
462280
462281
462282
462283
462284
462285
462286
462287
462288
462289
462290
462291
462292
462293
462294
462295
462296
462297
462298
462299
462300
462301
462302
462303
462304
462305
462306
462307
462308
462309
462310
462311
462312
462313
462314
462315
462316
462317
462318
462319
462320
462321
462322
462323
462324
462325
462326
462327
462328
462329
462330
462331
462332
462333
462334
462335
462336
462337
462338
462339
462340
462341
462342
462343
462344
462345
462346
462347
462348
462349
462350
462351
462352
462353
462354
462355
462356
462357
462358
462359
462360
462361
462362
462363
462364
462365
462366
462367
462368
462369
462370
462371
462372
462373
462374
462375
462376
462377
462378
462379
462380
462381
462382
462383
462384
462385
462386
462387
462388
462389
462390
462391
462392
462393
462394
462395
462396
462397
462398
462399
462400
462401
462402
462403
462404
462405
462406
462407
462408
462409
462410
462411
462412
462413
462414
462415
462416
462417
462418
462419
462420
462421
462422
462423
462424
462425
462426
462427
462428
462429
462430
462431
462432
462433
462434
462435
462436
462437
462438
462439
462440
462441
462442
462443
462444
462445
462446
462447
462448
462449
462450
462451
462452
462453
462454
462455
462456
462457
462458
462459
462460
462461
462462
462463
462464
462465
462466
462467
462468
462469
462470
462471
462472
462473
462474
462475
462476
462477
462478
462479
462480
462481
462482
462483
462484
462485
462486
462487
462488
462489
462490
462491
462492
462493
462494
462495
462496
462497
462498
462499
462500
462501
462502
462503
462504
462505
462506
462507
462508
462509
462510
462511
462512
462513
462514
462515
462516
462517
462518
462519
462520
462521
462522
462523
462524
462525
462526
462527
462528
462529
462530
462531
462532
462533
462534
462535
462536
462537
462538
462539
462540
462541
462542
462543
462544
462545
462546
462547
462548
462549
462550
462551
462552
462553
462554
462555
462556
462557
462558
462559
462560
462561
462562
462563
462564
462565
462566
462567
462568
462569
462570
462571
462572
462573
462574
462575
462576
462577
462578
462579
462580
462581
462582
462583
462584
462585
462586
462587
462588
462589
462590
462591
462592
462593
462594
462595
462596
462597
462598
462599
462600
462601
462602
462603
462604
462605
462606
462607
462608
462609
462610
462611
462612
462613
462614
462615
462616
462617
462618
462619
462620
462621
462622
462623
462624
462625
462626
462627
462628
462629
462630
462631
462632
462633
462634
462635
462636
462637
462638
462639
462640
462641
462642
462643
462644
462645
462646
462647
462648
462649
462650
462651
462652
462653
462654
462655
462656
462657
462658
462659
462660
462661
462662
462663
462664
462665
462666
462667
462668
462669
462670
462671
462672
462673
462674
462675
462676
462677
462678
462679
462680
462681
462682
462683
462684
462685
462686
462687
462688
462689
462690
462691
462692
462693
462694
462695
462696
462697
462698
462699
462700
462701
462702
462703
462704
462705
462706
462707
462708
462709
462710
462711
462712
462713
462714
462715
462716
462717
462718
462719
462720
462721
462722
462723
462724
462725
462726
462727
462728
462729
462730
462731
462732
462733
462734
462735
462736
462737
462738
462739
462740
462741
462742
462743
462744
462745
462746
462747
462748
462749
462750
462751
462752
462753
462754
462755
462756
462757
462758
462759
462760
462761
462762
462763
462764
462765
462766
462767
462768
462769
462770
462771
462772
462773
462774
462775
462776
462777
462778
462779
462780
462781
462782
462783
462784
462785
462786
462787
462788
462789
462790
462791
462792
462793
462794
462795
462796
462797
462798
462799
462800
462801
462802
462803
462804
462805
462806
462807
462808
462809
462810
462811
462812
462813
462814
462815
462816
462817
462818
462819
462820
462821
462822
462823
462824
462825
462826
462827
462828
462829
462830
462831
462832
462833
462834
462835
462836
462837
462838
462839
462840
462841
462842
462843
462844
462845
462846
462847
462848
462849
462850
462851
462852
462853
462854
462855
462856
462857
462858
462859
462860
462861
462862
462863
462864
462865
462866
462867
462868
462869
462870
462871
462872
462873
462874
462875
462876
462877
462878
462879
462880
462881
462882
462883
462884
462885
462886
462887
462888
462889
462890
462891
462892
462893
462894
462895
462896
462897
462898
462899
462900
462901
462902
462903
462904
462905
462906
462907
462908
462909
462910
462911
462912
462913
462914
462915
462916
462917
462918
462919
462920
462921
462922
462923
462924
462925
462926
462927
462928
462929
462930
462931
462932
462933
462934
462935
462936
462937
462938
462939
462940
462941
462942
462943
462944
462945
462946
462947
462948
462949
462950
462951
462952
462953
462954
462955
462956
462957
462958
462959
462960
462961
462962
462963
462964
462965
462966
462967
462968
462969
462970
462971
462972
462973
462974
462975
462976
462977
462978
462979
462980
462981
462982
462983
462984
462985
462986
462987
462988
462989
462990
462991
462992
462993
462994
462995
462996
462997
462998
462999
463000
463001
463002
463003
463004
463005
463006
463007
463008
463009
463010
463011
463012
463013
463014
463015
463016
463017
463018
463019
463020
463021
463022
463023
463024
463025
463026
463027
463028
463029
463030
463031
463032
463033
463034
463035
463036
463037
463038
463039
463040
463041
463042
463043
463044
463045
463046
463047
463048
463049
463050
463051
463052
463053
463054
463055
463056
463057
463058
463059
463060
463061
463062
463063
463064
463065
463066
463067
463068
463069
463070
463071
463072
463073
463074
463075
463076
463077
463078
463079
463080
463081
463082
463083
463084
463085
463086
463087
463088
463089
463090
463091
463092
463093
463094
463095
463096
463097
463098
463099
463100
463101
463102
463103
463104
463105
463106
463107
463108
463109
463110
463111
463112
463113
463114
463115
463116
463117
463118
463119
463120
463121
463122
463123
463124
463125
463126
463127
463128
463129
463130
463131
463132
463133
463134
463135
463136
463137
463138
463139
463140
463141
463142
463143
463144
463145
463146
463147
463148
463149
463150
463151
463152
463153
463154
463155
463156
463157
463158
463159
463160
463161
463162
463163
463164
463165
463166
463167
463168
463169
463170
463171
463172
463173
463174
463175
463176
463177
463178
463179
463180
463181
463182
463183
463184
463185
463186
463187
463188
463189
463190
463191
463192
463193
463194
463195
463196
463197
463198
463199
463200
463201
463202
463203
463204
463205
463206
463207
463208
463209
463210
463211
463212
463213
463214
463215
463216
463217
463218
463219
463220
463221
463222
463223
463224
463225
463226
463227
463228
463229
463230
463231
463232
463233
463234
463235
463236
463237
463238
463239
463240
463241
463242
463243
463244
463245
463246
463247
463248
463249
463250
463251
463252
463253
463254
463255
463256
463257
463258
463259
463260
463261
463262
463263
463264
463265
463266
463267
463268
463269
463270
463271
463272
463273
463274
463275
463276
463277
463278
463279
463280
463281
463282
463283
463284
463285
463286
463287
463288
463289
463290
463291
463292
463293
463294
463295
463296
463297
463298
463299
463300
463301
463302
463303
463304
463305
463306
463307
463308
463309
463310
463311
463312
463313
463314
463315
463316
463317
463318
463319
463320
463321
463322
463323
463324
463325
463326
463327
463328
463329
463330
463331
463332
463333
463334
463335
463336
463337
463338
463339
463340
463341
463342
463343
463344
463345
463346
463347
463348
463349
463350
463351
463352
463353
463354
463355
463356
463357
463358
463359
463360
463361
463362
463363
463364
463365
463366
463367
463368
463369
463370
463371
463372
463373
463374
463375
463376
463377
463378
463379
463380
463381
463382
463383
463384
463385
463386
463387
463388
463389
463390
463391
463392
463393
463394
463395
463396
463397
463398
463399
463400
463401
463402
463403
463404
463405
463406
463407
463408
463409
463410
463411
463412
463413
463414
463415
463416
463417
463418
463419
463420
463421
463422
463423
463424
463425
463426
463427
463428
463429
463430
463431
463432
463433
463434
463435
463436
463437
463438
463439
463440
463441
463442
463443
463444
463445
463446
463447
463448
463449
463450
463451
463452
463453
463454
463455
463456
463457
463458
463459
463460
463461
463462
463463
463464
463465
463466
463467
463468
463469
463470
463471
463472
463473
463474
463475
463476
463477
463478
463479
463480
463481
463482
463483
463484
463485
463486
463487
463488
463489
463490
463491
463492
463493
463494
463495
463496
463497
463498
463499
463500
463501
463502
463503
463504
463505
463506
463507
463508
463509
463510
463511
463512
463513
463514
463515
463516
463517
463518
463519
463520
463521
463522
463523
463524
463525
463526
463527
463528
463529
463530
463531
463532
463533
463534
463535
463536
463537
463538
463539
463540
463541
463542
463543
463544
463545
463546
463547
463548
463549
463550
463551
463552
463553
463554
463555
463556
463557
463558
463559
463560
463561
463562
463563
463564
463565
463566
463567
463568
463569
463570
463571
463572
463573
463574
463575
463576
463577
463578
463579
463580
463581
463582
463583
463584
463585
463586
463587
463588
463589
463590
463591
463592
463593
463594
463595
463596
463597
463598
463599
463600
463601
463602
463603
463604
463605
463606
463607
463608
463609
463610
463611
463612
463613
463614
463615
463616
463617
463618
463619
463620
463621
463622
463623
463624
463625
463626
463627
463628
463629
463630
463631
463632
463633
463634
463635
463636
463637
463638
463639
463640
463641
463642
463643
463644
463645
463646
463647
463648
463649
463650
463651
463652
463653
463654
463655
463656
463657
463658
463659
463660
463661
463662
463663
463664
463665
463666
463667
463668
463669
463670
463671
463672
463673
463674
463675
463676
463677
463678
463679
463680
463681
463682
463683
463684
463685
463686
463687
463688
463689
463690
463691
463692
463693
463694
463695
463696
463697
463698
463699
463700
463701
463702
463703
463704
463705
463706
463707
463708
463709
463710
463711
463712
463713
463714
463715
463716
463717
463718
463719
463720
463721
463722
463723
463724
463725
463726
463727
463728
463729
463730
463731
463732
463733
463734
463735
463736
463737
463738
463739
463740
463741
463742
463743
463744
463745
463746
463747
463748
463749
463750
463751
463752
463753
463754
463755
463756
463757
463758
463759
463760
463761
463762
463763
463764
463765
463766
463767
463768
463769
463770
463771
463772
463773
463774
463775
463776
463777
463778
463779
463780
463781
463782
463783
463784
463785
463786
463787
463788
463789
463790
463791
463792
463793
463794
463795
463796
463797
463798
463799
463800
463801
463802
463803
463804
463805
463806
463807
463808
463809
463810
463811
463812
463813
463814
463815
463816
463817
463818
463819
463820
463821
463822
463823
463824
463825
463826
463827
463828
463829
463830
463831
463832
463833
463834
463835
463836
463837
463838
463839
463840
463841
463842
463843
463844
463845
463846
463847
463848
463849
463850
463851
463852
463853
463854
463855
463856
463857
463858
463859
463860
463861
463862
463863
463864
463865
463866
463867
463868
463869
463870
463871
463872
463873
463874
463875
463876
463877
463878
463879
463880
463881
463882
463883
463884
463885
463886
463887
463888
463889
463890
463891
463892
463893
463894
463895
463896
463897
463898
463899
463900
463901
463902
463903
463904
463905
463906
463907
463908
463909
463910
463911
463912
463913
463914
463915
463916
463917
463918
463919
463920
463921
463922
463923
463924
463925
463926
463927
463928
463929
463930
463931
463932
463933
463934
463935
463936
463937
463938
463939
463940
463941
463942
463943
463944
463945
463946
463947
463948
463949
463950
463951
463952
463953
463954
463955
463956
463957
463958
463959
463960
463961
463962
463963
463964
463965
463966
463967
463968
463969
463970
463971
463972
463973
463974
463975
463976
463977
463978
463979
463980
463981
463982
463983
463984
463985
463986
463987
463988
463989
463990
463991
463992
463993
463994
463995
463996
463997
463998
463999
464000
464001
464002
464003
464004
464005
464006
464007
464008
464009
464010
464011
464012
464013
464014
464015
464016
464017
464018
464019
464020
464021
464022
464023
464024
464025
464026
464027
464028
464029
464030
464031
464032
464033
464034
464035
464036
464037
464038
464039
464040
464041
464042
464043
464044
464045
464046
464047
464048
464049
464050
464051
464052
464053
464054
464055
464056
464057
464058
464059
464060
464061
464062
464063
464064
464065
464066
464067
464068
464069
464070
464071
464072
464073
464074
464075
464076
464077
464078
464079
464080
464081
464082
464083
464084
464085
464086
464087
464088
464089
464090
464091
464092
464093
464094
464095
464096
464097
464098
464099
464100
464101
464102
464103
464104
464105
464106
464107
464108
464109
464110
464111
464112
464113
464114
464115
464116
464117
464118
464119
464120
464121
464122
464123
464124
464125
464126
464127
464128
464129
464130
464131
464132
464133
464134
464135
464136
464137
464138
464139
464140
464141
464142
464143
464144
464145
464146
464147
464148
464149
464150
464151
464152
464153
464154
464155
464156
464157
464158
464159
464160
464161
464162
464163
464164
464165
464166
464167
464168
464169
464170
464171
464172
464173
464174
464175
464176
464177
464178
464179
464180
464181
464182
464183
464184
464185
464186
464187
464188
464189
464190
464191
464192
464193
464194
464195
464196
464197
464198
464199
464200
464201
464202
464203
464204
464205
464206
464207
464208
464209
464210
464211
464212
464213
464214
464215
464216
464217
464218
464219
464220
464221
464222
464223
464224
464225
464226
464227
464228
464229
464230
464231
464232
464233
464234
464235
464236
464237
464238
464239
464240
464241
464242
464243
464244
464245
464246
464247
464248
464249
464250
464251
464252
464253
464254
464255
464256
464257
464258
464259
464260
464261
464262
464263
464264
464265
464266
464267
464268
464269
464270
464271
464272
464273
464274
464275
464276
464277
464278
464279
464280
464281
464282
464283
464284
464285
464286
464287
464288
464289
464290
464291
464292
464293
464294
464295
464296
464297
464298
464299
464300
464301
464302
464303
464304
464305
464306
464307
464308
464309
464310
464311
464312
464313
464314
464315
464316
464317
464318
464319
464320
464321
464322
464323
464324
464325
464326
464327
464328
464329
464330
464331
464332
464333
464334
464335
464336
464337
464338
464339
464340
464341
464342
464343
464344
464345
464346
464347
464348
464349
464350
464351
464352
464353
464354
464355
464356
464357
464358
464359
464360
464361
464362
464363
464364
464365
464366
464367
464368
464369
464370
464371
464372
464373
464374
464375
464376
464377
464378
464379
464380
464381
464382
464383
464384
464385
464386
464387
464388
464389
464390
464391
464392
464393
464394
464395
464396
464397
464398
464399
464400
464401
464402
464403
464404
464405
464406
464407
464408
464409
464410
464411
464412
464413
464414
464415
464416
464417
464418
464419
464420
464421
464422
464423
464424
464425
464426
464427
464428
464429
464430
464431
464432
464433
464434
464435
464436
464437
464438
464439
464440
464441
464442
464443
464444
464445
464446
464447
464448
464449
464450
464451
464452
464453
464454
464455
464456
464457
464458
464459
464460
464461
464462
464463
464464
464465
464466
464467
464468
464469
464470
464471
464472
464473
464474
464475
464476
464477
464478
464479
464480
464481
464482
464483
464484
464485
464486
464487
464488
464489
464490
464491
464492
464493
464494
464495
464496
464497
464498
464499
464500
464501
464502
464503
464504
464505
464506
464507
464508
464509
464510
464511
464512
464513
464514
464515
464516
464517
464518
464519
464520
464521
464522
464523
464524
464525
464526
464527
464528
464529
464530
464531
464532
464533
464534
464535
464536
464537
464538
464539
464540
464541
464542
464543
464544
464545
464546
464547
464548
464549
464550
464551
464552
464553
464554
464555
464556
464557
464558
464559
464560
464561
464562
464563
464564
464565
464566
464567
464568
464569
464570
464571
464572
464573
464574
464575
464576
464577
464578
464579
464580
464581
464582
464583
464584
464585
464586
464587
464588
464589
464590
464591
464592
464593
464594
464595
464596
464597
464598
464599
464600
464601
464602
464603
464604
464605
464606
464607
464608
464609
464610
464611
464612
464613
464614
464615
464616
464617
464618
464619
464620
464621
464622
464623
464624
464625
464626
464627
464628
464629
464630
464631
464632
464633
464634
464635
464636
464637
464638
464639
464640
464641
464642
464643
464644
464645
464646
464647
464648
464649
464650
464651
464652
464653
464654
464655
464656
464657
464658
464659
464660
464661
464662
464663
464664
464665
464666
464667
464668
464669
464670
464671
464672
464673
464674
464675
464676
464677
464678
464679
464680
464681
464682
464683
464684
464685
464686
464687
464688
464689
464690
464691
464692
464693
464694
464695
464696
464697
464698
464699
464700
464701
464702
464703
464704
464705
464706
464707
464708
464709
464710
464711
464712
464713
464714
464715
464716
464717
464718
464719
464720
464721
464722
464723
464724
464725
464726
464727
464728
464729
464730
464731
464732
464733
464734
464735
464736
464737
464738
464739
464740
464741
464742
464743
464744
464745
464746
464747
464748
464749
464750
464751
464752
464753
464754
464755
464756
464757
464758
464759
464760
464761
464762
464763
464764
464765
464766
464767
464768
464769
464770
464771
464772
464773
464774
464775
464776
464777
464778
464779
464780
464781
464782
464783
464784
464785
464786
464787
464788
464789
464790
464791
464792
464793
464794
464795
464796
464797
464798
464799
464800
464801
464802
464803
464804
464805
464806
464807
464808
464809
464810
464811
464812
464813
464814
464815
464816
464817
464818
464819
464820
464821
464822
464823
464824
464825
464826
464827
464828
464829
464830
464831
464832
464833
464834
464835
464836
464837
464838
464839
464840
464841
464842
464843
464844
464845
464846
464847
464848
464849
464850
464851
464852
464853
464854
464855
464856
464857
464858
464859
464860
464861
464862
464863
464864
464865
464866
464867
464868
464869
464870
464871
464872
464873
464874
464875
464876
464877
464878
464879
464880
464881
464882
464883
464884
464885
464886
464887
464888
464889
464890
464891
464892
464893
464894
464895
464896
464897
464898
464899
464900
464901
464902
464903
464904
464905
464906
464907
464908
464909
464910
464911
464912
464913
464914
464915
464916
464917
464918
464919
464920
464921
464922
464923
464924
464925
464926
464927
464928
464929
464930
464931
464932
464933
464934
464935
464936
464937
464938
464939
464940
464941
464942
464943
464944
464945
464946
464947
464948
464949
464950
464951
464952
464953
464954
464955
464956
464957
464958
464959
464960
464961
464962
464963
464964
464965
464966
464967
464968
464969
464970
464971
464972
464973
464974
464975
464976
464977
464978
464979
464980
464981
464982
464983
464984
464985
464986
464987
464988
464989
464990
464991
464992
464993
464994
464995
464996
464997
464998
464999
465000
465001
465002
465003
465004
465005
465006
465007
465008
465009
465010
465011
465012
465013
465014
465015
465016
465017
465018
465019
465020
465021
465022
465023
465024
465025
465026
465027
465028
465029
465030
465031
465032
465033
465034
465035
465036
465037
465038
465039
465040
465041
465042
465043
465044
465045
465046
465047
465048
465049
465050
465051
465052
465053
465054
465055
465056
465057
465058
465059
465060
465061
465062
465063
465064
465065
465066
465067
465068
465069
465070
465071
465072
465073
465074
465075
465076
465077
465078
465079
465080
465081
465082
465083
465084
465085
465086
465087
465088
465089
465090
465091
465092
465093
465094
465095
465096
465097
465098
465099
465100
465101
465102
465103
465104
465105
465106
465107
465108
465109
465110
465111
465112
465113
465114
465115
465116
465117
465118
465119
465120
465121
465122
465123
465124
465125
465126
465127
465128
465129
465130
465131
465132
465133
465134
465135
465136
465137
465138
465139
465140
465141
465142
465143
465144
465145
465146
465147
465148
465149
465150
465151
465152
465153
465154
465155
465156
465157
465158
465159
465160
465161
465162
465163
465164
465165
465166
465167
465168
465169
465170
465171
465172
465173
465174
465175
465176
465177
465178
465179
465180
465181
465182
465183
465184
465185
465186
465187
465188
465189
465190
465191
465192
465193
465194
465195
465196
465197
465198
465199
465200
465201
465202
465203
465204
465205
465206
465207
465208
465209
465210
465211
465212
465213
465214
465215
465216
465217
465218
465219
465220
465221
465222
465223
465224
465225
465226
465227
465228
465229
465230
465231
465232
465233
465234
465235
465236
465237
465238
465239
465240
465241
465242
465243
465244
465245
465246
465247
465248
465249
465250
465251
465252
465253
465254
465255
465256
465257
465258
465259
465260
465261
465262
465263
465264
465265
465266
465267
465268
465269
465270
465271
465272
465273
465274
465275
465276
465277
465278
465279
465280
465281
465282
465283
465284
465285
465286
465287
465288
465289
465290
465291
465292
465293
465294
465295
465296
465297
465298
465299
465300
465301
465302
465303
465304
465305
465306
465307
465308
465309
465310
465311
465312
465313
465314
465315
465316
465317
465318
465319
465320
465321
465322
465323
465324
465325
465326
465327
465328
465329
465330
465331
465332
465333
465334
465335
465336
465337
465338
465339
465340
465341
465342
465343
465344
465345
465346
465347
465348
465349
465350
465351
465352
465353
465354
465355
465356
465357
465358
465359
465360
465361
465362
465363
465364
465365
465366
465367
465368
465369
465370
465371
465372
465373
465374
465375
465376
465377
465378
465379
465380
465381
465382
465383
465384
465385
465386
465387
465388
465389
465390
465391
465392
465393
465394
465395
465396
465397
465398
465399
465400
465401
465402
465403
465404
465405
465406
465407
465408
465409
465410
465411
465412
465413
465414
465415
465416
465417
465418
465419
465420
465421
465422
465423
465424
465425
465426
465427
465428
465429
465430
465431
465432
465433
465434
465435
465436
465437
465438
465439
465440
465441
465442
465443
465444
465445
465446
465447
465448
465449
465450
465451
465452
465453
465454
465455
465456
465457
465458
465459
465460
465461
465462
465463
465464
465465
465466
465467
465468
465469
465470
465471
465472
465473
465474
465475
465476
465477
465478
465479
465480
465481
465482
465483
465484
465485
465486
465487
465488
465489
465490
465491
465492
465493
465494
465495
465496
465497
465498
465499
465500
465501
465502
465503
465504
465505
465506
465507
465508
465509
465510
465511
465512
465513
465514
465515
465516
465517
465518
465519
465520
465521
465522
465523
465524
465525
465526
465527
465528
465529
465530
465531
465532
465533
465534
465535
465536
465537
465538
465539
465540
465541
465542
465543
465544
465545
465546
465547
465548
465549
465550
465551
465552
465553
465554
465555
465556
465557
465558
465559
465560
465561
465562
465563
465564
465565
465566
465567
465568
465569
465570
465571
465572
465573
465574
465575
465576
465577
465578
465579
465580
465581
465582
465583
465584
465585
465586
465587
465588
465589
465590
465591
465592
465593
465594
465595
465596
465597
465598
465599
465600
465601
465602
465603
465604
465605
465606
465607
465608
465609
465610
465611
465612
465613
465614
465615
465616
465617
465618
465619
465620
465621
465622
465623
465624
465625
465626
465627
465628
465629
465630
465631
465632
465633
465634
465635
465636
465637
465638
465639
465640
465641
465642
465643
465644
465645
465646
465647
465648
465649
465650
465651
465652
465653
465654
465655
465656
465657
465658
465659
465660
465661
465662
465663
465664
465665
465666
465667
465668
465669
465670
465671
465672
465673
465674
465675
465676
465677
465678
465679
465680
465681
465682
465683
465684
465685
465686
465687
465688
465689
465690
465691
465692
465693
465694
465695
465696
465697
465698
465699
465700
465701
465702
465703
465704
465705
465706
465707
465708
465709
465710
465711
465712
465713
465714
465715
465716
465717
465718
465719
465720
465721
465722
465723
465724
465725
465726
465727
465728
465729
465730
465731
465732
465733
465734
465735
465736
465737
465738
465739
465740
465741
465742
465743
465744
465745
465746
465747
465748
465749
465750
465751
465752
465753
465754
465755
465756
465757
465758
465759
465760
465761
465762
465763
465764
465765
465766
465767
465768
465769
465770
465771
465772
465773
465774
465775
465776
465777
465778
465779
465780
465781
465782
465783
465784
465785
465786
465787
465788
465789
465790
465791
465792
465793
465794
465795
465796
465797
465798
465799
465800
465801
465802
465803
465804
465805
465806
465807
465808
465809
465810
465811
465812
465813
465814
465815
465816
465817
465818
465819
465820
465821
465822
465823
465824
465825
465826
465827
465828
465829
465830
465831
465832
465833
465834
465835
465836
465837
465838
465839
465840
465841
465842
465843
465844
465845
465846
465847
465848
465849
465850
465851
465852
465853
465854
465855
465856
465857
465858
465859
465860
465861
465862
465863
465864
465865
465866
465867
465868
465869
465870
465871
465872
465873
465874
465875
465876
465877
465878
465879
465880
465881
465882
465883
465884
465885
465886
465887
465888
465889
465890
465891
465892
465893
465894
465895
465896
465897
465898
465899
465900
465901
465902
465903
465904
465905
465906
465907
465908
465909
465910
465911
465912
465913
465914
465915
465916
465917
465918
465919
465920
465921
465922
465923
465924
465925
465926
465927
465928
465929
465930
465931
465932
465933
465934
465935
465936
465937
465938
465939
465940
465941
465942
465943
465944
465945
465946
465947
465948
465949
465950
465951
465952
465953
465954
465955
465956
465957
465958
465959
465960
465961
465962
465963
465964
465965
465966
465967
465968
465969
465970
465971
465972
465973
465974
465975
465976
465977
465978
465979
465980
465981
465982
465983
465984
465985
465986
465987
465988
465989
465990
465991
465992
465993
465994
465995
465996
465997
465998
465999
466000
466001
466002
466003
466004
466005
466006
466007
466008
466009
466010
466011
466012
466013
466014
466015
466016
466017
466018
466019
466020
466021
466022
466023
466024
466025
466026
466027
466028
466029
466030
466031
466032
466033
466034
466035
466036
466037
466038
466039
466040
466041
466042
466043
466044
466045
466046
466047
466048
466049
466050
466051
466052
466053
466054
466055
466056
466057
466058
466059
466060
466061
466062
466063
466064
466065
466066
466067
466068
466069
466070
466071
466072
466073
466074
466075
466076
466077
466078
466079
466080
466081
466082
466083
466084
466085
466086
466087
466088
466089
466090
466091
466092
466093
466094
466095
466096
466097
466098
466099
466100
466101
466102
466103
466104
466105
466106
466107
466108
466109
466110
466111
466112
466113
466114
466115
466116
466117
466118
466119
466120
466121
466122
466123
466124
466125
466126
466127
466128
466129
466130
466131
466132
466133
466134
466135
466136
466137
466138
466139
466140
466141
466142
466143
466144
466145
466146
466147
466148
466149
466150
466151
466152
466153
466154
466155
466156
466157
466158
466159
466160
466161
466162
466163
466164
466165
466166
466167
466168
466169
466170
466171
466172
466173
466174
466175
466176
466177
466178
466179
466180
466181
466182
466183
466184
466185
466186
466187
466188
466189
466190
466191
466192
466193
466194
466195
466196
466197
466198
466199
466200
466201
466202
466203
466204
466205
466206
466207
466208
466209
466210
466211
466212
466213
466214
466215
466216
466217
466218
466219
466220
466221
466222
466223
466224
466225
466226
466227
466228
466229
466230
466231
466232
466233
466234
466235
466236
466237
466238
466239
466240
466241
466242
466243
466244
466245
466246
466247
466248
466249
466250
466251
466252
466253
466254
466255
466256
466257
466258
466259
466260
466261
466262
466263
466264
466265
466266
466267
466268
466269
466270
466271
466272
466273
466274
466275
466276
466277
466278
466279
466280
466281
466282
466283
466284
466285
466286
466287
466288
466289
466290
466291
466292
466293
466294
466295
466296
466297
466298
466299
466300
466301
466302
466303
466304
466305
466306
466307
466308
466309
466310
466311
466312
466313
466314
466315
466316
466317
466318
466319
466320
466321
466322
466323
466324
466325
466326
466327
466328
466329
466330
466331
466332
466333
466334
466335
466336
466337
466338
466339
466340
466341
466342
466343
466344
466345
466346
466347
466348
466349
466350
466351
466352
466353
466354
466355
466356
466357
466358
466359
466360
466361
466362
466363
466364
466365
466366
466367
466368
466369
466370
466371
466372
466373
466374
466375
466376
466377
466378
466379
466380
466381
466382
466383
466384
466385
466386
466387
466388
466389
466390
466391
466392
466393
466394
466395
466396
466397
466398
466399
466400
466401
466402
466403
466404
466405
466406
466407
466408
466409
466410
466411
466412
466413
466414
466415
466416
466417
466418
466419
466420
466421
466422
466423
466424
466425
466426
466427
466428
466429
466430
466431
466432
466433
466434
466435
466436
466437
466438
466439
466440
466441
466442
466443
466444
466445
466446
466447
466448
466449
466450
466451
466452
466453
466454
466455
466456
466457
466458
466459
466460
466461
466462
466463
466464
466465
466466
466467
466468
466469
466470
466471
466472
466473
466474
466475
466476
466477
466478
466479
466480
466481
466482
466483
466484
466485
466486
466487
466488
466489
466490
466491
466492
466493
466494
466495
466496
466497
466498
466499
466500
466501
466502
466503
466504
466505
466506
466507
466508
466509
466510
466511
466512
466513
466514
466515
466516
466517
466518
466519
466520
466521
466522
466523
466524
466525
466526
466527
466528
466529
466530
466531
466532
466533
466534
466535
466536
466537
466538
466539
466540
466541
466542
466543
466544
466545
466546
466547
466548
466549
466550
466551
466552
466553
466554
466555
466556
466557
466558
466559
466560
466561
466562
466563
466564
466565
466566
466567
466568
466569
466570
466571
466572
466573
466574
466575
466576
466577
466578
466579
466580
466581
466582
466583
466584
466585
466586
466587
466588
466589
466590
466591
466592
466593
466594
466595
466596
466597
466598
466599
466600
466601
466602
466603
466604
466605
466606
466607
466608
466609
466610
466611
466612
466613
466614
466615
466616
466617
466618
466619
466620
466621
466622
466623
466624
466625
466626
466627
466628
466629
466630
466631
466632
466633
466634
466635
466636
466637
466638
466639
466640
466641
466642
466643
466644
466645
466646
466647
466648
466649
466650
466651
466652
466653
466654
466655
466656
466657
466658
466659
466660
466661
466662
466663
466664
466665
466666
466667
466668
466669
466670
466671
466672
466673
466674
466675
466676
466677
466678
466679
466680
466681
466682
466683
466684
466685
466686
466687
466688
466689
466690
466691
466692
466693
466694
466695
466696
466697
466698
466699
466700
466701
466702
466703
466704
466705
466706
466707
466708
466709
466710
466711
466712
466713
466714
466715
466716
466717
466718
466719
466720
466721
466722
466723
466724
466725
466726
466727
466728
466729
466730
466731
466732
466733
466734
466735
466736
466737
466738
466739
466740
466741
466742
466743
466744
466745
466746
466747
466748
466749
466750
466751
466752
466753
466754
466755
466756
466757
466758
466759
466760
466761
466762
466763
466764
466765
466766
466767
466768
466769
466770
466771
466772
466773
466774
466775
466776
466777
466778
466779
466780
466781
466782
466783
466784
466785
466786
466787
466788
466789
466790
466791
466792
466793
466794
466795
466796
466797
466798
466799
466800
466801
466802
466803
466804
466805
466806
466807
466808
466809
466810
466811
466812
466813
466814
466815
466816
466817
466818
466819
466820
466821
466822
466823
466824
466825
466826
466827
466828
466829
466830
466831
466832
466833
466834
466835
466836
466837
466838
466839
466840
466841
466842
466843
466844
466845
466846
466847
466848
466849
466850
466851
466852
466853
466854
466855
466856
466857
466858
466859
466860
466861
466862
466863
466864
466865
466866
466867
466868
466869
466870
466871
466872
466873
466874
466875
466876
466877
466878
466879
466880
466881
466882
466883
466884
466885
466886
466887
466888
466889
466890
466891
466892
466893
466894
466895
466896
466897
466898
466899
466900
466901
466902
466903
466904
466905
466906
466907
466908
466909
466910
466911
466912
466913
466914
466915
466916
466917
466918
466919
466920
466921
466922
466923
466924
466925
466926
466927
466928
466929
466930
466931
466932
466933
466934
466935
466936
466937
466938
466939
466940
466941
466942
466943
466944
466945
466946
466947
466948
466949
466950
466951
466952
466953
466954
466955
466956
466957
466958
466959
466960
466961
466962
466963
466964
466965
466966
466967
466968
466969
466970
466971
466972
466973
466974
466975
466976
466977
466978
466979
466980
466981
466982
466983
466984
466985
466986
466987
466988
466989
466990
466991
466992
466993
466994
466995
466996
466997
466998
466999
467000
467001
467002
467003
467004
467005
467006
467007
467008
467009
467010
467011
467012
467013
467014
467015
467016
467017
467018
467019
467020
467021
467022
467023
467024
467025
467026
467027
467028
467029
467030
467031
467032
467033
467034
467035
467036
467037
467038
467039
467040
467041
467042
467043
467044
467045
467046
467047
467048
467049
467050
467051
467052
467053
467054
467055
467056
467057
467058
467059
467060
467061
467062
467063
467064
467065
467066
467067
467068
467069
467070
467071
467072
467073
467074
467075
467076
467077
467078
467079
467080
467081
467082
467083
467084
467085
467086
467087
467088
467089
467090
467091
467092
467093
467094
467095
467096
467097
467098
467099
467100
467101
467102
467103
467104
467105
467106
467107
467108
467109
467110
467111
467112
467113
467114
467115
467116
467117
467118
467119
467120
467121
467122
467123
467124
467125
467126
467127
467128
467129
467130
467131
467132
467133
467134
467135
467136
467137
467138
467139
467140
467141
467142
467143
467144
467145
467146
467147
467148
467149
467150
467151
467152
467153
467154
467155
467156
467157
467158
467159
467160
467161
467162
467163
467164
467165
467166
467167
467168
467169
467170
467171
467172
467173
467174
467175
467176
467177
467178
467179
467180
467181
467182
467183
467184
467185
467186
467187
467188
467189
467190
467191
467192
467193
467194
467195
467196
467197
467198
467199
467200
467201
467202
467203
467204
467205
467206
467207
467208
467209
467210
467211
467212
467213
467214
467215
467216
467217
467218
467219
467220
467221
467222
467223
467224
467225
467226
467227
467228
467229
467230
467231
467232
467233
467234
467235
467236
467237
467238
467239
467240
467241
467242
467243
467244
467245
467246
467247
467248
467249
467250
467251
467252
467253
467254
467255
467256
467257
467258
467259
467260
467261
467262
467263
467264
467265
467266
467267
467268
467269
467270
467271
467272
467273
467274
467275
467276
467277
467278
467279
467280
467281
467282
467283
467284
467285
467286
467287
467288
467289
467290
467291
467292
467293
467294
467295
467296
467297
467298
467299
467300
467301
467302
467303
467304
467305
467306
467307
467308
467309
467310
467311
467312
467313
467314
467315
467316
467317
467318
467319
467320
467321
467322
467323
467324
467325
467326
467327
467328
467329
467330
467331
467332
467333
467334
467335
467336
467337
467338
467339
467340
467341
467342
467343
467344
467345
467346
467347
467348
467349
467350
467351
467352
467353
467354
467355
467356
467357
467358
467359
467360
467361
467362
467363
467364
467365
467366
467367
467368
467369
467370
467371
467372
467373
467374
467375
467376
467377
467378
467379
467380
467381
467382
467383
467384
467385
467386
467387
467388
467389
467390
467391
467392
467393
467394
467395
467396
467397
467398
467399
467400
467401
467402
467403
467404
467405
467406
467407
467408
467409
467410
467411
467412
467413
467414
467415
467416
467417
467418
467419
467420
467421
467422
467423
467424
467425
467426
467427
467428
467429
467430
467431
467432
467433
467434
467435
467436
467437
467438
467439
467440
467441
467442
467443
467444
467445
467446
467447
467448
467449
467450
467451
467452
467453
467454
467455
467456
467457
467458
467459
467460
467461
467462
467463
467464
467465
467466
467467
467468
467469
467470
467471
467472
467473
467474
467475
467476
467477
467478
467479
467480
467481
467482
467483
467484
467485
467486
467487
467488
467489
467490
467491
467492
467493
467494
467495
467496
467497
467498
467499
467500
467501
467502
467503
467504
467505
467506
467507
467508
467509
467510
467511
467512
467513
467514
467515
467516
467517
467518
467519
467520
467521
467522
467523
467524
467525
467526
467527
467528
467529
467530
467531
467532
467533
467534
467535
467536
467537
467538
467539
467540
467541
467542
467543
467544
467545
467546
467547
467548
467549
467550
467551
467552
467553
467554
467555
467556
467557
467558
467559
467560
467561
467562
467563
467564
467565
467566
467567
467568
467569
467570
467571
467572
467573
467574
467575
467576
467577
467578
467579
467580
467581
467582
467583
467584
467585
467586
467587
467588
467589
467590
467591
467592
467593
467594
467595
467596
467597
467598
467599
467600
467601
467602
467603
467604
467605
467606
467607
467608
467609
467610
467611
467612
467613
467614
467615
467616
467617
467618
467619
467620
467621
467622
467623
467624
467625
467626
467627
467628
467629
467630
467631
467632
467633
467634
467635
467636
467637
467638
467639
467640
467641
467642
467643
467644
467645
467646
467647
467648
467649
467650
467651
467652
467653
467654
467655
467656
467657
467658
467659
467660
467661
467662
467663
467664
467665
467666
467667
467668
467669
467670
467671
467672
467673
467674
467675
467676
467677
467678
467679
467680
467681
467682
467683
467684
467685
467686
467687
467688
467689
467690
467691
467692
467693
467694
467695
467696
467697
467698
467699
467700
467701
467702
467703
467704
467705
467706
467707
467708
467709
467710
467711
467712
467713
467714
467715
467716
467717
467718
467719
467720
467721
467722
467723
467724
467725
467726
467727
467728
467729
467730
467731
467732
467733
467734
467735
467736
467737
467738
467739
467740
467741
467742
467743
467744
467745
467746
467747
467748
467749
467750
467751
467752
467753
467754
467755
467756
467757
467758
467759
467760
467761
467762
467763
467764
467765
467766
467767
467768
467769
467770
467771
467772
467773
467774
467775
467776
467777
467778
467779
467780
467781
467782
467783
467784
467785
467786
467787
467788
467789
467790
467791
467792
467793
467794
467795
467796
467797
467798
467799
467800
467801
467802
467803
467804
467805
467806
467807
467808
467809
467810
467811
467812
467813
467814
467815
467816
467817
467818
467819
467820
467821
467822
467823
467824
467825
467826
467827
467828
467829
467830
467831
467832
467833
467834
467835
467836
467837
467838
467839
467840
467841
467842
467843
467844
467845
467846
467847
467848
467849
467850
467851
467852
467853
467854
467855
467856
467857
467858
467859
467860
467861
467862
467863
467864
467865
467866
467867
467868
467869
467870
467871
467872
467873
467874
467875
467876
467877
467878
467879
467880
467881
467882
467883
467884
467885
467886
467887
467888
467889
467890
467891
467892
467893
467894
467895
467896
467897
467898
467899
467900
467901
467902
467903
467904
467905
467906
467907
467908
467909
467910
467911
467912
467913
467914
467915
467916
467917
467918
467919
467920
467921
467922
467923
467924
467925
467926
467927
467928
467929
467930
467931
467932
467933
467934
467935
467936
467937
467938
467939
467940
467941
467942
467943
467944
467945
467946
467947
467948
467949
467950
467951
467952
467953
467954
467955
467956
467957
467958
467959
467960
467961
467962
467963
467964
467965
467966
467967
467968
467969
467970
467971
467972
467973
467974
467975
467976
467977
467978
467979
467980
467981
467982
467983
467984
467985
467986
467987
467988
467989
467990
467991
467992
467993
467994
467995
467996
467997
467998
467999
468000
468001
468002
468003
468004
468005
468006
468007
468008
468009
468010
468011
468012
468013
468014
468015
468016
468017
468018
468019
468020
468021
468022
468023
468024
468025
468026
468027
468028
468029
468030
468031
468032
468033
468034
468035
468036
468037
468038
468039
468040
468041
468042
468043
468044
468045
468046
468047
468048
468049
468050
468051
468052
468053
468054
468055
468056
468057
468058
468059
468060
468061
468062
468063
468064
468065
468066
468067
468068
468069
468070
468071
468072
468073
468074
468075
468076
468077
468078
468079
468080
468081
468082
468083
468084
468085
468086
468087
468088
468089
468090
468091
468092
468093
468094
468095
468096
468097
468098
468099
468100
468101
468102
468103
468104
468105
468106
468107
468108
468109
468110
468111
468112
468113
468114
468115
468116
468117
468118
468119
468120
468121
468122
468123
468124
468125
468126
468127
468128
468129
468130
468131
468132
468133
468134
468135
468136
468137
468138
468139
468140
468141
468142
468143
468144
468145
468146
468147
468148
468149
468150
468151
468152
468153
468154
468155
468156
468157
468158
468159
468160
468161
468162
468163
468164
468165
468166
468167
468168
468169
468170
468171
468172
468173
468174
468175
468176
468177
468178
468179
468180
468181
468182
468183
468184
468185
468186
468187
468188
468189
468190
468191
468192
468193
468194
468195
468196
468197
468198
468199
468200
468201
468202
468203
468204
468205
468206
468207
468208
468209
468210
468211
468212
468213
468214
468215
468216
468217
468218
468219
468220
468221
468222
468223
468224
468225
468226
468227
468228
468229
468230
468231
468232
468233
468234
468235
468236
468237
468238
468239
468240
468241
468242
468243
468244
468245
468246
468247
468248
468249
468250
468251
468252
468253
468254
468255
468256
468257
468258
468259
468260
468261
468262
468263
468264
468265
468266
468267
468268
468269
468270
468271
468272
468273
468274
468275
468276
468277
468278
468279
468280
468281
468282
468283
468284
468285
468286
468287
468288
468289
468290
468291
468292
468293
468294
468295
468296
468297
468298
468299
468300
468301
468302
468303
468304
468305
468306
468307
468308
468309
468310
468311
468312
468313
468314
468315
468316
468317
468318
468319
468320
468321
468322
468323
468324
468325
468326
468327
468328
468329
468330
468331
468332
468333
468334
468335
468336
468337
468338
468339
468340
468341
468342
468343
468344
468345
468346
468347
468348
468349
468350
468351
468352
468353
468354
468355
468356
468357
468358
468359
468360
468361
468362
468363
468364
468365
468366
468367
468368
468369
468370
468371
468372
468373
468374
468375
468376
468377
468378
468379
468380
468381
468382
468383
468384
468385
468386
468387
468388
468389
468390
468391
468392
468393
468394
468395
468396
468397
468398
468399
468400
468401
468402
468403
468404
468405
468406
468407
468408
468409
468410
468411
468412
468413
468414
468415
468416
468417
468418
468419
468420
468421
468422
468423
468424
468425
468426
468427
468428
468429
468430
468431
468432
468433
468434
468435
468436
468437
468438
468439
468440
468441
468442
468443
468444
468445
468446
468447
468448
468449
468450
468451
468452
468453
468454
468455
468456
468457
468458
468459
468460
468461
468462
468463
468464
468465
468466
468467
468468
468469
468470
468471
468472
468473
468474
468475
468476
468477
468478
468479
468480
468481
468482
468483
468484
468485
468486
468487
468488
468489
468490
468491
468492
468493
468494
468495
468496
468497
468498
468499
468500
468501
468502
468503
468504
468505
468506
468507
468508
468509
468510
468511
468512
468513
468514
468515
468516
468517
468518
468519
468520
468521
468522
468523
468524
468525
468526
468527
468528
468529
468530
468531
468532
468533
468534
468535
468536
468537
468538
468539
468540
468541
468542
468543
468544
468545
468546
468547
468548
468549
468550
468551
468552
468553
468554
468555
468556
468557
468558
468559
468560
468561
468562
468563
468564
468565
468566
468567
468568
468569
468570
468571
468572
468573
468574
468575
468576
468577
468578
468579
468580
468581
468582
468583
468584
468585
468586
468587
468588
468589
468590
468591
468592
468593
468594
468595
468596
468597
468598
468599
468600
468601
468602
468603
468604
468605
468606
468607
468608
468609
468610
468611
468612
468613
468614
468615
468616
468617
468618
468619
468620
468621
468622
468623
468624
468625
468626
468627
468628
468629
468630
468631
468632
468633
468634
468635
468636
468637
468638
468639
468640
468641
468642
468643
468644
468645
468646
468647
468648
468649
468650
468651
468652
468653
468654
468655
468656
468657
468658
468659
468660
468661
468662
468663
468664
468665
468666
468667
468668
468669
468670
468671
468672
468673
468674
468675
468676
468677
468678
468679
468680
468681
468682
468683
468684
468685
468686
468687
468688
468689
468690
468691
468692
468693
468694
468695
468696
468697
468698
468699
468700
468701
468702
468703
468704
468705
468706
468707
468708
468709
468710
468711
468712
468713
468714
468715
468716
468717
468718
468719
468720
468721
468722
468723
468724
468725
468726
468727
468728
468729
468730
468731
468732
468733
468734
468735
468736
468737
468738
468739
468740
468741
468742
468743
468744
468745
468746
468747
468748
468749
468750
468751
468752
468753
468754
468755
468756
468757
468758
468759
468760
468761
468762
468763
468764
468765
468766
468767
468768
468769
468770
468771
468772
468773
468774
468775
468776
468777
468778
468779
468780
468781
468782
468783
468784
468785
468786
468787
468788
468789
468790
468791
468792
468793
468794
468795
468796
468797
468798
468799
468800
468801
468802
468803
468804
468805
468806
468807
468808
468809
468810
468811
468812
468813
468814
468815
468816
468817
468818
468819
468820
468821
468822
468823
468824
468825
468826
468827
468828
468829
468830
468831
468832
468833
468834
468835
468836
468837
468838
468839
468840
468841
468842
468843
468844
468845
468846
468847
468848
468849
468850
468851
468852
468853
468854
468855
468856
468857
468858
468859
468860
468861
468862
468863
468864
468865
468866
468867
468868
468869
468870
468871
468872
468873
468874
468875
468876
468877
468878
468879
468880
468881
468882
468883
468884
468885
468886
468887
468888
468889
468890
468891
468892
468893
468894
468895
468896
468897
468898
468899
468900
468901
468902
468903
468904
468905
468906
468907
468908
468909
468910
468911
468912
468913
468914
468915
468916
468917
468918
468919
468920
468921
468922
468923
468924
468925
468926
468927
468928
468929
468930
468931
468932
468933
468934
468935
468936
468937
468938
468939
468940
468941
468942
468943
468944
468945
468946
468947
468948
468949
468950
468951
468952
468953
468954
468955
468956
468957
468958
468959
468960
468961
468962
468963
468964
468965
468966
468967
468968
468969
468970
468971
468972
468973
468974
468975
468976
468977
468978
468979
468980
468981
468982
468983
468984
468985
468986
468987
468988
468989
468990
468991
468992
468993
468994
468995
468996
468997
468998
468999
469000
469001
469002
469003
469004
469005
469006
469007
469008
469009
469010
469011
469012
469013
469014
469015
469016
469017
469018
469019
469020
469021
469022
469023
469024
469025
469026
469027
469028
469029
469030
469031
469032
469033
469034
469035
469036
469037
469038
469039
469040
469041
469042
469043
469044
469045
469046
469047
469048
469049
469050
469051
469052
469053
469054
469055
469056
469057
469058
469059
469060
469061
469062
469063
469064
469065
469066
469067
469068
469069
469070
469071
469072
469073
469074
469075
469076
469077
469078
469079
469080
469081
469082
469083
469084
469085
469086
469087
469088
469089
469090
469091
469092
469093
469094
469095
469096
469097
469098
469099
469100
469101
469102
469103
469104
469105
469106
469107
469108
469109
469110
469111
469112
469113
469114
469115
469116
469117
469118
469119
469120
469121
469122
469123
469124
469125
469126
469127
469128
469129
469130
469131
469132
469133
469134
469135
469136
469137
469138
469139
469140
469141
469142
469143
469144
469145
469146
469147
469148
469149
469150
469151
469152
469153
469154
469155
469156
469157
469158
469159
469160
469161
469162
469163
469164
469165
469166
469167
469168
469169
469170
469171
469172
469173
469174
469175
469176
469177
469178
469179
469180
469181
469182
469183
469184
469185
469186
469187
469188
469189
469190
469191
469192
469193
469194
469195
469196
469197
469198
469199
469200
469201
469202
469203
469204
469205
469206
469207
469208
469209
469210
469211
469212
469213
469214
469215
469216
469217
469218
469219
469220
469221
469222
469223
469224
469225
469226
469227
469228
469229
469230
469231
469232
469233
469234
469235
469236
469237
469238
469239
469240
469241
469242
469243
469244
469245
469246
469247
469248
469249
469250
469251
469252
469253
469254
469255
469256
469257
469258
469259
469260
469261
469262
469263
469264
469265
469266
469267
469268
469269
469270
469271
469272
469273
469274
469275
469276
469277
469278
469279
469280
469281
469282
469283
469284
469285
469286
469287
469288
469289
469290
469291
469292
469293
469294
469295
469296
469297
469298
469299
469300
469301
469302
469303
469304
469305
469306
469307
469308
469309
469310
469311
469312
469313
469314
469315
469316
469317
469318
469319
469320
469321
469322
469323
469324
469325
469326
469327
469328
469329
469330
469331
469332
469333
469334
469335
469336
469337
469338
469339
469340
469341
469342
469343
469344
469345
469346
469347
469348
469349
469350
469351
469352
469353
469354
469355
469356
469357
469358
469359
469360
469361
469362
469363
469364
469365
469366
469367
469368
469369
469370
469371
469372
469373
469374
469375
469376
469377
469378
469379
469380
469381
469382
469383
469384
469385
469386
469387
469388
469389
469390
469391
469392
469393
469394
469395
469396
469397
469398
469399
469400
469401
469402
469403
469404
469405
469406
469407
469408
469409
469410
469411
469412
469413
469414
469415
469416
469417
469418
469419
469420
469421
469422
469423
469424
469425
469426
469427
469428
469429
469430
469431
469432
469433
469434
469435
469436
469437
469438
469439
469440
469441
469442
469443
469444
469445
469446
469447
469448
469449
469450
469451
469452
469453
469454
469455
469456
469457
469458
469459
469460
469461
469462
469463
469464
469465
469466
469467
469468
469469
469470
469471
469472
469473
469474
469475
469476
469477
469478
469479
469480
469481
469482
469483
469484
469485
469486
469487
469488
469489
469490
469491
469492
469493
469494
469495
469496
469497
469498
469499
469500
469501
469502
469503
469504
469505
469506
469507
469508
469509
469510
469511
469512
469513
469514
469515
469516
469517
469518
469519
469520
469521
469522
469523
469524
469525
469526
469527
469528
469529
469530
469531
469532
469533
469534
469535
469536
469537
469538
469539
469540
469541
469542
469543
469544
469545
469546
469547
469548
469549
469550
469551
469552
469553
469554
469555
469556
469557
469558
469559
469560
469561
469562
469563
469564
469565
469566
469567
469568
469569
469570
469571
469572
469573
469574
469575
469576
469577
469578
469579
469580
469581
469582
469583
469584
469585
469586
469587
469588
469589
469590
469591
469592
469593
469594
469595
469596
469597
469598
469599
469600
469601
469602
469603
469604
469605
469606
469607
469608
469609
469610
469611
469612
469613
469614
469615
469616
469617
469618
469619
469620
469621
469622
469623
469624
469625
469626
469627
469628
469629
469630
469631
469632
469633
469634
469635
469636
469637
469638
469639
469640
469641
469642
469643
469644
469645
469646
469647
469648
469649
469650
469651
469652
469653
469654
469655
469656
469657
469658
469659
469660
469661
469662
469663
469664
469665
469666
469667
469668
469669
469670
469671
469672
469673
469674
469675
469676
469677
469678
469679
469680
469681
469682
469683
469684
469685
469686
469687
469688
469689
469690
469691
469692
469693
469694
469695
469696
469697
469698
469699
469700
469701
469702
469703
469704
469705
469706
469707
469708
469709
469710
469711
469712
469713
469714
469715
469716
469717
469718
469719
469720
469721
469722
469723
469724
469725
469726
469727
469728
469729
469730
469731
469732
469733
469734
469735
469736
469737
469738
469739
469740
469741
469742
469743
469744
469745
469746
469747
469748
469749
469750
469751
469752
469753
469754
469755
469756
469757
469758
469759
469760
469761
469762
469763
469764
469765
469766
469767
469768
469769
469770
469771
469772
469773
469774
469775
469776
469777
469778
469779
469780
469781
469782
469783
469784
469785
469786
469787
469788
469789
469790
469791
469792
469793
469794
469795
469796
469797
469798
469799
469800
469801
469802
469803
469804
469805
469806
469807
469808
469809
469810
469811
469812
469813
469814
469815
469816
469817
469818
469819
469820
469821
469822
469823
469824
469825
469826
469827
469828
469829
469830
469831
469832
469833
469834
469835
469836
469837
469838
469839
469840
469841
469842
469843
469844
469845
469846
469847
469848
469849
469850
469851
469852
469853
469854
469855
469856
469857
469858
469859
469860
469861
469862
469863
469864
469865
469866
469867
469868
469869
469870
469871
469872
469873
469874
469875
469876
469877
469878
469879
469880
469881
469882
469883
469884
469885
469886
469887
469888
469889
469890
469891
469892
469893
469894
469895
469896
469897
469898
469899
469900
469901
469902
469903
469904
469905
469906
469907
469908
469909
469910
469911
469912
469913
469914
469915
469916
469917
469918
469919
469920
469921
469922
469923
469924
469925
469926
469927
469928
469929
469930
469931
469932
469933
469934
469935
469936
469937
469938
469939
469940
469941
469942
469943
469944
469945
469946
469947
469948
469949
469950
469951
469952
469953
469954
469955
469956
469957
469958
469959
469960
469961
469962
469963
469964
469965
469966
469967
469968
469969
469970
469971
469972
469973
469974
469975
469976
469977
469978
469979
469980
469981
469982
469983
469984
469985
469986
469987
469988
469989
469990
469991
469992
469993
469994
469995
469996
469997
469998
469999
470000
470001
470002
470003
470004
470005
470006
470007
470008
470009
470010
470011
470012
470013
470014
470015
470016
470017
470018
470019
470020
470021
470022
470023
470024
470025
470026
470027
470028
470029
470030
470031
470032
470033
470034
470035
470036
470037
470038
470039
470040
470041
470042
470043
470044
470045
470046
470047
470048
470049
470050
470051
470052
470053
470054
470055
470056
470057
470058
470059
470060
470061
470062
470063
470064
470065
470066
470067
470068
470069
470070
470071
470072
470073
470074
470075
470076
470077
470078
470079
470080
470081
470082
470083
470084
470085
470086
470087
470088
470089
470090
470091
470092
470093
470094
470095
470096
470097
470098
470099
470100
470101
470102
470103
470104
470105
470106
470107
470108
470109
470110
470111
470112
470113
470114
470115
470116
470117
470118
470119
470120
470121
470122
470123
470124
470125
470126
470127
470128
470129
470130
470131
470132
470133
470134
470135
470136
470137
470138
470139
470140
470141
470142
470143
470144
470145
470146
470147
470148
470149
470150
470151
470152
470153
470154
470155
470156
470157
470158
470159
470160
470161
470162
470163
470164
470165
470166
470167
470168
470169
470170
470171
470172
470173
470174
470175
470176
470177
470178
470179
470180
470181
470182
470183
470184
470185
470186
470187
470188
470189
470190
470191
470192
470193
470194
470195
470196
470197
470198
470199
470200
470201
470202
470203
470204
470205
470206
470207
470208
470209
470210
470211
470212
470213
470214
470215
470216
470217
470218
470219
470220
470221
470222
470223
470224
470225
470226
470227
470228
470229
470230
470231
470232
470233
470234
470235
470236
470237
470238
470239
470240
470241
470242
470243
470244
470245
470246
470247
470248
470249
470250
470251
470252
470253
470254
470255
470256
470257
470258
470259
470260
470261
470262
470263
470264
470265
470266
470267
470268
470269
470270
470271
470272
470273
470274
470275
470276
470277
470278
470279
470280
470281
470282
470283
470284
470285
470286
470287
470288
470289
470290
470291
470292
470293
470294
470295
470296
470297
470298
470299
470300
470301
470302
470303
470304
470305
470306
470307
470308
470309
470310
470311
470312
470313
470314
470315
470316
470317
470318
470319
470320
470321
470322
470323
470324
470325
470326
470327
470328
470329
470330
470331
470332
470333
470334
470335
470336
470337
470338
470339
470340
470341
470342
470343
470344
470345
470346
470347
470348
470349
470350
470351
470352
470353
470354
470355
470356
470357
470358
470359
470360
470361
470362
470363
470364
470365
470366
470367
470368
470369
470370
470371
470372
470373
470374
470375
470376
470377
470378
470379
470380
470381
470382
470383
470384
470385
470386
470387
470388
470389
470390
470391
470392
470393
470394
470395
470396
470397
470398
470399
470400
470401
470402
470403
470404
470405
470406
470407
470408
470409
470410
470411
470412
470413
470414
470415
470416
470417
470418
470419
470420
470421
470422
470423
470424
470425
470426
470427
470428
470429
470430
470431
470432
470433
470434
470435
470436
470437
470438
470439
470440
470441
470442
470443
470444
470445
470446
470447
470448
470449
470450
470451
470452
470453
470454
470455
470456
470457
470458
470459
470460
470461
470462
470463
470464
470465
470466
470467
470468
470469
470470
470471
470472
470473
470474
470475
470476
470477
470478
470479
470480
470481
470482
470483
470484
470485
470486
470487
470488
470489
470490
470491
470492
470493
470494
470495
470496
470497
470498
470499
470500
470501
470502
470503
470504
470505
470506
470507
470508
470509
470510
470511
470512
470513
470514
470515
470516
470517
470518
470519
470520
470521
470522
470523
470524
470525
470526
470527
470528
470529
470530
470531
470532
470533
470534
470535
470536
470537
470538
470539
470540
470541
470542
470543
470544
470545
470546
470547
470548
470549
470550
470551
470552
470553
470554
470555
470556
470557
470558
470559
470560
470561
470562
470563
470564
470565
470566
470567
470568
470569
470570
470571
470572
470573
470574
470575
470576
470577
470578
470579
470580
470581
470582
470583
470584
470585
470586
470587
470588
470589
470590
470591
470592
470593
470594
470595
470596
470597
470598
470599
470600
470601
470602
470603
470604
470605
470606
470607
470608
470609
470610
470611
470612
470613
470614
470615
470616
470617
470618
470619
470620
470621
470622
470623
470624
470625
470626
470627
470628
470629
470630
470631
470632
470633
470634
470635
470636
470637
470638
470639
470640
470641
470642
470643
470644
470645
470646
470647
470648
470649
470650
470651
470652
470653
470654
470655
470656
470657
470658
470659
470660
470661
470662
470663
470664
470665
470666
470667
470668
470669
470670
470671
470672
470673
470674
470675
470676
470677
470678
470679
470680
470681
470682
470683
470684
470685
470686
470687
470688
470689
470690
470691
470692
470693
470694
470695
470696
470697
470698
470699
470700
470701
470702
470703
470704
470705
470706
470707
470708
470709
470710
470711
470712
470713
470714
470715
470716
470717
470718
470719
470720
470721
470722
470723
470724
470725
470726
470727
470728
470729
470730
470731
470732
470733
470734
470735
470736
470737
470738
470739
470740
470741
470742
470743
470744
470745
470746
470747
470748
470749
470750
470751
470752
470753
470754
470755
470756
470757
470758
470759
470760
470761
470762
470763
470764
470765
470766
470767
470768
470769
470770
470771
470772
470773
470774
470775
470776
470777
470778
470779
470780
470781
470782
470783
470784
470785
470786
470787
470788
470789
470790
470791
470792
470793
470794
470795
470796
470797
470798
470799
470800
470801
470802
470803
470804
470805
470806
470807
470808
470809
470810
470811
470812
470813
470814
470815
470816
470817
470818
470819
470820
470821
470822
470823
470824
470825
470826
470827
470828
470829
470830
470831
470832
470833
470834
470835
470836
470837
470838
470839
470840
470841
470842
470843
470844
470845
470846
470847
470848
470849
470850
470851
470852
470853
470854
470855
470856
470857
470858
470859
470860
470861
470862
470863
470864
470865
470866
470867
470868
470869
470870
470871
470872
470873
470874
470875
470876
470877
470878
470879
470880
470881
470882
470883
470884
470885
470886
470887
470888
470889
470890
470891
470892
470893
470894
470895
470896
470897
470898
470899
470900
470901
470902
470903
470904
470905
470906
470907
470908
470909
470910
470911
470912
470913
470914
470915
470916
470917
470918
470919
470920
470921
470922
470923
470924
470925
470926
470927
470928
470929
470930
470931
470932
470933
470934
470935
470936
470937
470938
470939
470940
470941
470942
470943
470944
470945
470946
470947
470948
470949
470950
470951
470952
470953
470954
470955
470956
470957
470958
470959
470960
470961
470962
470963
470964
470965
470966
470967
470968
470969
470970
470971
470972
470973
470974
470975
470976
470977
470978
470979
470980
470981
470982
470983
470984
470985
470986
470987
470988
470989
470990
470991
470992
470993
470994
470995
470996
470997
470998
470999
471000
471001
471002
471003
471004
471005
471006
471007
471008
471009
471010
471011
471012
471013
471014
471015
471016
471017
471018
471019
471020
471021
471022
471023
471024
471025
471026
471027
471028
471029
471030
471031
471032
471033
471034
471035
471036
471037
471038
471039
471040
471041
471042
471043
471044
471045
471046
471047
471048
471049
471050
471051
471052
471053
471054
471055
471056
471057
471058
471059
471060
471061
471062
471063
471064
471065
471066
471067
471068
471069
471070
471071
471072
471073
471074
471075
471076
471077
471078
471079
471080
471081
471082
471083
471084
471085
471086
471087
471088
471089
471090
471091
471092
471093
471094
471095
471096
471097
471098
471099
471100
471101
471102
471103
471104
471105
471106
471107
471108
471109
471110
471111
471112
471113
471114
471115
471116
471117
471118
471119
471120
471121
471122
471123
471124
471125
471126
471127
471128
471129
471130
471131
471132
471133
471134
471135
471136
471137
471138
471139
471140
471141
471142
471143
471144
471145
471146
471147
471148
471149
471150
471151
471152
471153
471154
471155
471156
471157
471158
471159
471160
471161
471162
471163
471164
471165
471166
471167
471168
471169
471170
471171
471172
471173
471174
471175
471176
471177
471178
471179
471180
471181
471182
471183
471184
471185
471186
471187
471188
471189
471190
471191
471192
471193
471194
471195
471196
471197
471198
471199
471200
471201
471202
471203
471204
471205
471206
471207
471208
471209
471210
471211
471212
471213
471214
471215
471216
471217
471218
471219
471220
471221
471222
471223
471224
471225
471226
471227
471228
471229
471230
471231
471232
471233
471234
471235
471236
471237
471238
471239
471240
471241
471242
471243
471244
471245
471246
471247
471248
471249
471250
471251
471252
471253
471254
471255
471256
471257
471258
471259
471260
471261
471262
471263
471264
471265
471266
471267
471268
471269
471270
471271
471272
471273
471274
471275
471276
471277
471278
471279
471280
471281
471282
471283
471284
471285
471286
471287
471288
471289
471290
471291
471292
471293
471294
471295
471296
471297
471298
471299
471300
471301
471302
471303
471304
471305
471306
471307
471308
471309
471310
471311
471312
471313
471314
471315
471316
471317
471318
471319
471320
471321
471322
471323
471324
471325
471326
471327
471328
471329
471330
471331
471332
471333
471334
471335
471336
471337
471338
471339
471340
471341
471342
471343
471344
471345
471346
471347
471348
471349
471350
471351
471352
471353
471354
471355
471356
471357
471358
471359
471360
471361
471362
471363
471364
471365
471366
471367
471368
471369
471370
471371
471372
471373
471374
471375
471376
471377
471378
471379
471380
471381
471382
471383
471384
471385
471386
471387
471388
471389
471390
471391
471392
471393
471394
471395
471396
471397
471398
471399
471400
471401
471402
471403
471404
471405
471406
471407
471408
471409
471410
471411
471412
471413
471414
471415
471416
471417
471418
471419
471420
471421
471422
471423
471424
471425
471426
471427
471428
471429
471430
471431
471432
471433
471434
471435
471436
471437
471438
471439
471440
471441
471442
471443
471444
471445
471446
471447
471448
471449
471450
471451
471452
471453
471454
471455
471456
471457
471458
471459
471460
471461
471462
471463
471464
471465
471466
471467
471468
471469
471470
471471
471472
471473
471474
471475
471476
471477
471478
471479
471480
471481
471482
471483
471484
471485
471486
471487
471488
471489
471490
471491
471492
471493
471494
471495
471496
471497
471498
471499
471500
471501
471502
471503
471504
471505
471506
471507
471508
471509
471510
471511
471512
471513
471514
471515
471516
471517
471518
471519
471520
471521
471522
471523
471524
471525
471526
471527
471528
471529
471530
471531
471532
471533
471534
471535
471536
471537
471538
471539
471540
471541
471542
471543
471544
471545
471546
471547
471548
471549
471550
471551
471552
471553
471554
471555
471556
471557
471558
471559
471560
471561
471562
471563
471564
471565
471566
471567
471568
471569
471570
471571
471572
471573
471574
471575
471576
471577
471578
471579
471580
471581
471582
471583
471584
471585
471586
471587
471588
471589
471590
471591
471592
471593
471594
471595
471596
471597
471598
471599
471600
471601
471602
471603
471604
471605
471606
471607
471608
471609
471610
471611
471612
471613
471614
471615
471616
471617
471618
471619
471620
471621
471622
471623
471624
471625
471626
471627
471628
471629
471630
471631
471632
471633
471634
471635
471636
471637
471638
471639
471640
471641
471642
471643
471644
471645
471646
471647
471648
471649
471650
471651
471652
471653
471654
471655
471656
471657
471658
471659
471660
471661
471662
471663
471664
471665
471666
471667
471668
471669
471670
471671
471672
471673
471674
471675
471676
471677
471678
471679
471680
471681
471682
471683
471684
471685
471686
471687
471688
471689
471690
471691
471692
471693
471694
471695
471696
471697
471698
471699
471700
471701
471702
471703
471704
471705
471706
471707
471708
471709
471710
471711
471712
471713
471714
471715
471716
471717
471718
471719
471720
471721
471722
471723
471724
471725
471726
471727
471728
471729
471730
471731
471732
471733
471734
471735
471736
471737
471738
471739
471740
471741
471742
471743
471744
471745
471746
471747
471748
471749
471750
471751
471752
471753
471754
471755
471756
471757
471758
471759
471760
471761
471762
471763
471764
471765
471766
471767
471768
471769
471770
471771
471772
471773
471774
471775
471776
471777
471778
471779
471780
471781
471782
471783
471784
471785
471786
471787
471788
471789
471790
471791
471792
471793
471794
471795
471796
471797
471798
471799
471800
471801
471802
471803
471804
471805
471806
471807
471808
471809
471810
471811
471812
471813
471814
471815
471816
471817
471818
471819
471820
471821
471822
471823
471824
471825
471826
471827
471828
471829
471830
471831
471832
471833
471834
471835
471836
471837
471838
471839
471840
471841
471842
471843
471844
471845
471846
471847
471848
471849
471850
471851
471852
471853
471854
471855
471856
471857
471858
471859
471860
471861
471862
471863
471864
471865
471866
471867
471868
471869
471870
471871
471872
471873
471874
471875
471876
471877
471878
471879
471880
471881
471882
471883
471884
471885
471886
471887
471888
471889
471890
471891
471892
471893
471894
471895
471896
471897
471898
471899
471900
471901
471902
471903
471904
471905
471906
471907
471908
471909
471910
471911
471912
471913
471914
471915
471916
471917
471918
471919
471920
471921
471922
471923
471924
471925
471926
471927
471928
471929
471930
471931
471932
471933
471934
471935
471936
471937
471938
471939
471940
471941
471942
471943
471944
471945
471946
471947
471948
471949
471950
471951
471952
471953
471954
471955
471956
471957
471958
471959
471960
471961
471962
471963
471964
471965
471966
471967
471968
471969
471970
471971
471972
471973
471974
471975
471976
471977
471978
471979
471980
471981
471982
471983
471984
471985
471986
471987
471988
471989
471990
471991
471992
471993
471994
471995
471996
471997
471998
471999
472000
